69047728

110078502

100108650

124633482

86518695

104000225

164416994

121993751

134292525

91154486

138068300

105972429

101732285

132316050

122937656

121485577

119567706

102965876

141541990

99400101

149395196

112155433

146390734

119888790

128201807

108773515

116027127

130349792

125765138

143249716

124280139

81352839

133673000

97070120

105656555

143798110

102271375

130300767

80535661

120739544

136234427

122284431

140088225

104405686

114898266

94287348

137120642

120942034

125906472

113954174

110783225

112548574

140801305

124834901

117683113

118681820

123513525

93811141

133487297

93659602

116229131

139757006

142441968

140742908

123957950

147791279

100047899

129954537

94996851

131013031

117602169

126861665

129458396

135608110

125748658

121485451

128410925

119358879

93807073

136395972

127226192

105779090

130738625

86631210

121471141

116527961

97209631

105630093

107218378

145914792

128922415

126537852

131666534

119563583

111060434

113425694

125170552

128484546

107687401

109246233

