86306226

143362384

80206334

104999082

143443706

88196442

121904699

115717274

116544199

115465401

115267286

133272169

91933963

109068038

125763511

127924670

142488479

99029725

120764246

115626050

135422150

92854598

103483049

96887636

104801317

75413224

123060755

116109332

130894201

64119680

108588074

121700858

108945855

101655241

81123347

101375821

137425181

105435689

109969021

101472750

140165780

101615220

128024229

141500578

120928435

141783683

129572702

121717614

102939449

117534213

122797965

113215739

124697486

136939717

99591382

124250845

116031103

85481233

119148580

114980664

131046973

127817706

87242213

99369201

97286556

133724654

122761808

92456825

130649813

142938249

147256394

127844605

92767393

126418762

89753076

143826988

120005806

89495167

136827146

127976006

95369294

114938220

94998453

115247844

151318432

91082137

105763374

126331596

111604796

115049797

116267904

115993733

137962407

116983764

105643432

125150639

114910645

115243526

122947703

125909429

